10454
10831
10939
10967
11018
11129
11164
11190
11218
11246
11258
11413
11423
11448
11534
11593
11611
11653
11696
11703
11721
1181
118633
11916
1219
12248
12279
12325
12455
12526
12715
12797
1516
1528
1630
16521
16563
17232
17233
17253
17322
17345
17421
17492
18189
18257
18291
18382
18417
18436
18437
18473
18495
18503
18508
18514
18549
18666
19147
19174
19396
19468
19733
19851
19899
19943
20011
20044
20148
20178
20291
20324
20369
20430
20786
20804
21332
21356
21375
21582
21690
21699
22006
22077
22111
22258
22342
22351
22355
22439
22622
22654
22780
22799
22832
22849
22896
22925
23004
23093
23325
23371
24572
24626
24631
24635
24743
24817
24846
25465
25468
26178
26236
26735
26781
2681
26992
27017
27048
27055
2713
27414
27432
27482
27493
27598
27640
27644
27646
27667
27695
27756
27787
28240
28254
28338
28348
28444
28488
28662
28725
28776
28878
28889
29001
29413
2994
2998
30799
30855
30957
31121
31474
31506
3169
31920
31924
32211
32265
32408
32415
32420
32521
32567
32707
32965
33116
33418
33447
33759
34008
34158
34212
34237
34310
34466
34481
34484
34522
34753
34776
34793
34869
34912
34951
35056
35267
35306
35357
35441
35667
35733
35778
35926
36025
36198
36325
36334
36492
36493
36593
36684
36815
36820
37078
37125
37146
37466
37757
37764
37955
38183
3823
38381
38465
3854
38675
38687
38850
38942
38962
39056
39095
39204
39206
39222
39260
39323
39337
39434
39454
39476
39580
39677
39678
39796
39854
4004
40052
40239
40305
40723
40753
40890
40991
41101
41105
4135
41507
41585
41733
41740
41980
42016
42302
42309
42361
42398
42505
42768
42982
4336
4379
43934
44099
44133
44282
44404
44451
44475
44553
44735
44849
45108
45152
45272
45288
45330
45544
45570
45580
45661
45715
45841
46014
4605
46227
46228
46445
46479
46829
46910
47119
47168
4737
4752
47750
4782
47961
48046
48117
48144
48150
48181
48208
48259
48277
48284
48424
48498
48511
48550
48858
49299
4930
49534
49817
50111
50120
5048
51256
52971
53281
53780
53781
53995
54062
54374
54422
54462
54551
5473
54891
54956
55362
55386
5675
6041
6065
6144
6294
6865
6926
8898
9082
9543
9570
9937
